#region License Information
/* HeuristicLab
 * Copyright (C) 2002-2014 Heuristic and Evolutionary Algorithms Laboratory (HEAL)
 *
 * This file is part of HeuristicLab.
 *
 * HeuristicLab is free software: you can redistribute it and/or modify
 * it under the terms of the GNU General Public License as published by
 * the Free Software Foundation, either version 3 of the License, or
 * (at your option) any later version.
 *
 * HeuristicLab is distributed in the hope that it will be useful,
 * but WITHOUT ANY WARRANTY; without even the implied warranty of
 * MERCHANTABILITY or FITNESS FOR A PARTICULAR PURPOSE.  See the
 * GNU General Public License for more details.
 *
 * You should have received a copy of the GNU General Public License
 * along with HeuristicLab. If not, see <http://www.gnu.org/licenses/>.
 */
#endregion

using System.Linq;
using HeuristicLab.Algorithms.DataAnalysis;
using Microsoft.VisualStudio.TestTools.UnitTesting;

namespace HeuristicLab.Algorithms.DataAnalysis.Tests {
  [TestClass]

  // reference values calculated with Rasmussen's GPML MATLAB package
  public class GaussianProcessFunctionsTest {
    [TestMethod]
    [TestCategory("Algorithms.DataAnalysis")]
    [TestProperty("Time", "short")]
    public void MeanConstTest() {
      TestMeanFunction(new MeanConst(), 0,
        new double[] { 0, 0, 0, 0, 0, 0, 0, 0, 0, 0 },
        new double[][] { new double[] { 1, 1, 1, 1, 1, 1, 1, 1, 1, 1 } }
      );
      TestMeanFunction(new MeanConst(), 1,
        new double[] { 1, 1, 1, 1, 1, 1, 1, 1, 1, 1 },
        new double[][] { new double[] { 1, 1, 1, 1, 1, 1, 1, 1, 1, 1 } }
      );
    }

    [TestMethod]
    [TestCategory("Algorithms.DataAnalysis")]
    [TestProperty("Time", "short")]
    public void MeanZeroTest() {
      TestMeanFunction(new MeanZero(), 0,
        new double[] { 0, 0, 0, 0, 0, 0, 0, 0, 0, 0 },
        new double[][] { new double[] { 0, 0, 0, 0, 0, 0, 0, 0, 0, 0 } }
      );
      TestMeanFunction(new MeanZero(), 1,
        new double[] { 0, 0, 0, 0, 0, 0, 0, 0, 0, 0 },
        new double[][] { new double[] { 0, 0, 0, 0, 0, 0, 0, 0, 0, 0 } }
      );
    }

    [TestMethod]
    [TestCategory("Algorithms.DataAnalysis")]
    [TestProperty("Time", "short")]
    public void MeanSumTest() {
      var sum = new MeanSum();
      sum.Terms.Add(new MeanConst());
      sum.Terms.Add(new MeanConst());
      TestMeanFunction(sum, 0,
        new double[] { 0, 0, 0, 0, 0, 0, 0, 0, 0, 0 },
        new double[][]
          {
            new double[] { 1, 1, 1, 1, 1, 1, 1, 1, 1, 1 },
            new double[] { 1, 1, 1, 1, 1, 1, 1, 1, 1, 1 }
          }
      );
      sum = new MeanSum();
      sum.Terms.Add(new MeanConst());
      sum.Terms.Add(new MeanConst());
      TestMeanFunction(sum, 1,
        new double[] { 2, 2, 2, 2, 2, 2, 2, 2, 2, 2 },
        new double[][]
          {
            new double[] { 1, 1, 1, 1, 1, 1, 1, 1, 1, 1 },
            new double[] { 1, 1, 1, 1, 1, 1, 1, 1, 1, 1 }
          }
      );
    }
    [TestMethod]
    [TestCategory("Algorithms.DataAnalysis")]
    [TestProperty("Time", "short")]
    public void MeanProdTest() {
      var prod = new MeanProduct();
      prod.Factors.Add(new MeanConst());
      prod.Factors.Add(new MeanConst());
      TestMeanFunction(prod, 0,
        new double[] { 0, 0, 0, 0, 0, 0, 0, 0, 0, 0 },
        new double[][]
          {
            new double[] { 0, 0, 0, 0, 0, 0, 0, 0, 0, 0 },
            new double[] { 0, 0, 0, 0, 0, 0, 0, 0, 0, 0 }
          }
      );
      prod = new MeanProduct();
      prod.Factors.Add(new MeanConst());
      prod.Factors.Add(new MeanConst());
      TestMeanFunction(prod, 1,
        new double[] { 1, 1, 1, 1, 1, 1, 1, 1, 1, 1 },
        new double[][]
          {
            new double[] { 1, 1, 1, 1, 1, 1, 1, 1, 1, 1 },
            new double[] { 1, 1, 1, 1, 1, 1, 1, 1, 1, 1 }
          }
      );

      prod = new MeanProduct();
      prod.Factors.Add(new MeanZero());
      prod.Factors.Add(new MeanLinear());
      TestMeanFunction(prod, 0,
        new double[] { 0, 0, 0, 0, 0, 0, 0, 0, 0, 0 },
        new double[][]
          {
            new double[] { 0, 0, 0, 0, 0, 0, 0, 0, 0, 0 },
            new double[] { 0, 0, 0, 0, 0, 0, 0, 0, 0, 0 },
            new double[] { 0, 0, 0, 0, 0, 0, 0, 0, 0, 0 },
            new double[] { 0, 0, 0, 0, 0, 0, 0, 0, 0, 0 },
            new double[] { 0, 0, 0, 0, 0, 0, 0, 0, 0, 0 }
          }
      );
      prod = new MeanProduct();
      prod.Factors.Add(new MeanZero());
      prod.Factors.Add(new MeanLinear());
      TestMeanFunction(prod, 1,
        new double[] { 0, 0, 0, 0, 0, 0, 0, 0, 0, 0 },
        new double[][]
          {
            new double[] { 0, 0, 0, 0, 0, 0, 0, 0, 0, 0 },
            new double[] { 0, 0, 0, 0, 0, 0, 0, 0, 0, 0 },
            new double[] { 0, 0, 0, 0, 0, 0, 0, 0, 0, 0 },
            new double[] { 0, 0, 0, 0, 0, 0, 0, 0, 0, 0 },
            new double[] { 0, 0, 0, 0, 0, 0, 0, 0, 0, 0 }
          }
      );

      prod = new MeanProduct();
      prod.Factors.Add(new MeanConst());
      prod.Factors.Add(new MeanLinear());
      TestMeanFunction(prod, 1,
  new double[] { 1.843574580675791, 2.127929337522181, 3.116568910281474, 1.688566127130978, 3.250517738447450, 2.961262743634280, 2.326019412613392, 1.729286976436201, 1.769654419215176, 2.398170347588917 },
  new double[][]
                {
                  new double[] { 2.9088,    1.8646,    3.1971,    1.9890,    1.7640,    1.2801,    2.8059,    3.7243,    3.1899    ,1.4978 },
                  new double[] { 0.4173,    0.0497,    0.9027,    0.9448,    0.4909,    0.4893,    0.3377,    0.9001,    0.3692    ,0.1112 },
                  new double[] { 0.7803,    0.3897,    0.2417,    0.4039,    0.0965,    0.1320,    0.9421,    0.9561,    0.5752    ,0.0598 },
                  new double[] { 0.2348,    0.3532,    0.8212,    0.0154,    0.0430,    0.1690,    0.6491,    0.7317,    0.6477    ,0.4509 },
                  new double[] { 0.5470,    0.2963,    0.7447,    0.1890,    0.6868,    0.1835,    0.3685,    0.6256,    0.7802    ,0.0811 },
                  new double[] { 0.9294,    0.7757,    0.4868,    0.4359,    0.4468,    0.3063,    0.5085,    0.5108,    0.8176    ,0.7948 }
                }
);
    }

    [TestMethod]
    [TestCategory("Algorithms.DataAnalysis")]
    [TestProperty("Time", "short")]
    public void MeanLinear() {
      TestMeanFunction(new MeanLinear(), 0,
        new double[] { 0, 0, 0, 0, 0, 0, 0, 0, 0, 0 },
        new double[][]
          {
            new double[] { 0.4173, 0.0497, 0.9027, 0.9448, 0.4909, 0.4893, 0.3377, 0.9001, 0.3692, 0.1112 },
            new double[] { 0.7803, 0.3897, 0.2417, 0.4039, 0.0965, 0.1320, 0.9421, 0.9561, 0.5752, 0.0598 },
            new double[] { 0.2348, 0.3532, 0.8212, 0.0154, 0.0430, 0.1690, 0.6491, 0.7317, 0.6477, 0.4509 },
            new double[] { 0.5470, 0.2963, 0.7447, 0.1890, 0.6868, 0.1835, 0.3685, 0.6256, 0.7802, 0.0811 },
            new double[] { 0.9294, 0.7757, 0.4868, 0.4359, 0.4468, 0.3063, 0.5085, 0.5108, 0.8176, 0.7948 }
          }
      );
      TestMeanFunction(new MeanLinear(), 1,
        new double[] { 1.8436, 2.1279, 3.1166, 1.6886, 3.2505, 2.9613, 2.3260, 1.7293, 1.7697, 2.3982 },
        new double[][]
          {
            new double[] { 0.4173, 0.0497, 0.9027, 0.9448, 0.4909, 0.4893, 0.3377, 0.9001, 0.3692, 0.1112 },
            new double[] { 0.7803, 0.3897, 0.2417, 0.4039, 0.0965, 0.1320, 0.9421, 0.9561, 0.5752, 0.0598 },
            new double[] { 0.2348, 0.3532, 0.8212, 0.0154, 0.0430, 0.1690, 0.6491, 0.7317, 0.6477, 0.4509 },
            new double[] { 0.5470, 0.2963, 0.7447, 0.1890, 0.6868, 0.1835, 0.3685, 0.6256, 0.7802, 0.0811 },
            new double[] { 0.9294, 0.7757, 0.4868, 0.4359, 0.4468, 0.3063, 0.5085, 0.5108, 0.8176, 0.7948 }
          }
      );
    }

    [TestMethod]
    [TestCategory("Algorithms.DataAnalysis")]
    [TestProperty("Time", "short")]
    public void CovSeIsoTest() {
      TestCovarianceFunction(new CovarianceSquaredExponentialIso(), 0,
        new double[,]
          {
{    0.5771,    0.5404,    0.8569,    0.5612,    0.7545,    0.4980,    0.6649,    0.7484,    0.6564,    0.8184},
{    0.6206,    0.7027,    0.7091,    0.6015,    0.7295,    0.5338,    0.6705,    0.8202,    0.7155,    0.8029},
{    0.7743,    0.7513,    0.8468,    0.6865,    0.5645,    0.7861,    0.8404,    0.6625,    0.7555,    0.8335},
{    0.7773,    0.5513,    0.7792,    0.7166,    0.4534,    0.5870,    0.8913,    0.8796,    0.8656,    0.8245},
{    0.8839,    0.5934,    0.7689,    0.8982,    0.4126,    0.4741,    0.7883,    0.9201,    0.9077,    0.8649},
{    0.8746,    0.7341,    0.7020,    0.8323,    0.4826,    0.5922,    0.8706,    0.9508,    0.9524,    0.8660},
{    0.6133,    0.7560,    0.7280,    0.5749,    0.8722,    0.5651,    0.6530,    0.6260,    0.6633,    0.8195},
{    0.6113,    0.6277,    0.8110,    0.5489,    0.7110,    0.6221,    0.6948,    0.5425,    0.6227,    0.7828},
{    0.6394,    0.6950,    0.8669,    0.6107,    0.7933,    0.5985,    0.6823,    0.6858,    0.6702,    0.8492},
{    0.5790,    0.7156,    0.6274,    0.5324,    0.6323,    0.6100,    0.6863,    0.8091,    0.6855,    0.7173},
          },
        new double[][,]
          {
            new double[,] {
{         0,    0.3197,    0.6358,    0.5518,    0.5207,    0.5909,    0.3361,    0.4897,    0.2447,    0.5720},
{    0.3197,         0,    0.6697,    0.6190,    0.4635,    0.4047,    0.4190,    0.6899,    0.3650,    0.1552},
{    0.6358,    0.6697,         0,    0.6031,    0.5367,    0.5927,    0.6008,    0.4084,    0.4103,    0.6843},
{    0.5518,    0.6190,    0.6031,         0,    0.4173,    0.2740,    0.6339,    0.6114,    0.6702,    0.6455},
{    0.5207,    0.4635,    0.5367,    0.4173,         0,    0.2510,    0.6610,    0.6935,    0.5180,    0.5362},
{    0.5909,    0.4047,    0.5927,    0.2740,    0.2510,         0,    0.6019,    0.6955,    0.6232,    0.3756},
{    0.3361,    0.4190,    0.6008,    0.6339,    0.6610,    0.6019,         0,    0.3205,    0.3279,    0.6165},
{    0.4897,    0.6899,    0.4084,    0.6114,    0.6935,    0.6955,    0.3205,         0,    0.4189,    0.7344},
{    0.2447,    0.3650,    0.4103,    0.6702,    0.5180,    0.6232,    0.3279,    0.4189,         0,    0.5595},
{    0.5720,    0.1552,    0.6843,    0.6455,    0.5362,    0.3756,    0.6165,    0.7344,    0.5595,         0},
            },
            new double[,] {
{    2.0000,    1.6472,    1.1513,    1.3142,    1.3662,    1.2437,    1.6267,    1.4148,    1.7372,    1.2786},
{    1.6472,    2.0000,    1.0689,    1.1876,    1.4541,    1.5370,    1.5174,    1.0103,    1.5898,    1.8381},
{    1.1513,    1.0689,    2.0000,    1.2199,    1.3398,    1.2402,    1.2244,    1.5320,    1.5293,    1.0276},
{    1.3142,    1.1876,    1.2199,    2.0000,    1.5197,    1.7027,    1.1555,    1.2033,    1.0675,    1.1291},
{    1.3662,    1.4541,    1.3398,    1.5197,    2.0000,    1.7299,    1.0916,    0.9989,    1.3706,    1.3407},
{    1.2437,    1.5370,    1.2402,    1.7027,    1.7299,    2.0000,    1.2223,    0.9923,    1.1787,    1.5758},
{    1.6267,    1.5174,    1.2244,    1.1555,    1.0916,    1.2223,    2.0000,    1.6461,    1.6369,    1.1928},
{    1.4148,    1.0103,    1.5320,    1.2033,    0.9989,    0.9923,    1.6461,    2.0000,    1.5176,    0.7806},
{    1.7372,    1.5898,    1.5293,    1.0675,    1.3706,    1.1787,    1.6369,    1.5176,    2.0000,    1.3009},
{    1.2786,    1.8381,    1.0276,    1.1291,    1.3407,    1.5758,    1.1928,    0.7806,    1.3009,    2.0000},
          }
          }
      );
      TestCovarianceFunction(new CovarianceSquaredExponentialIso(), 1,
         new double[,]
           {
{    6.8592,    6.7985,    7.2362,    6.8334,    7.1127,    6.7239,    6.9920,    7.1048,    6.9798,    7.1914},
{    6.9271,    7.0445,    7.0531,    6.8979,    7.0803,    6.7872,    7.0000,    7.1935,    7.0617,    7.1727},
{    7.1376,    7.1086,    7.2246,    7.0223,    6.8388,    7.1522,    7.2172,    6.9886,    7.1139,    7.2091},
{    7.1414,    6.8169,    7.1438,    7.0632,    6.6389,    6.8750,    7.2749,    7.2619,    7.2462,    7.1986},
{    7.2667,    6.8852,    7.1309,    7.2824,    6.5548,    6.6792,    7.1550,    7.3063,    7.2929,    7.2454},
{    7.2563,    7.0864,    7.0436,    7.2078,    6.6953,    6.8834,    7.2517,    7.3388,    7.3405,    7.2466},
{    6.9160,    7.1146,    7.0783,    6.8557,    7.2536,    6.8398,    6.9750,    6.9351,    6.9897,    7.1926},
{    6.9130,    6.9378,    7.1825,    6.8129,    7.0557,    6.9294,    7.0338,    6.8021,    6.9302,    7.1482},
{    6.9551,    7.0340,    7.2476,    6.9120,    7.1611,    6.8932,    7.0166,    7.0213,    6.9995,    7.2274},
{    6.8624,    7.0619,    6.9373,    6.7848,    6.9446,    6.9109,    7.0221,    7.1802,    7.0209,    7.0642},
           },
         new double[][,]
          {
            new double[,] {
{         0,    0.3781,    1.0250,    0.7934,    0.7239,    0.8910,    0.4018,    0.6606,    0.2764,    0.8421},
{    0.3781,         0,    1.1512,    0.9715,    0.6106,    0.5082,    0.5320,    1.2453,    0.4451,    0.1669},
{    1.0250,    1.1512,         0,    0.9248,    0.7589,    0.8960,    0.9183,    0.5143,    0.5175,    1.2171},
{    0.7934,    0.9715,    0.9248,         0,    0.5292,    0.3149,    1.0188,    0.9487,    1.1534,    1.0583},
{    0.7239,    0.6106,    0.7589,    0.5292,         0,    0.2845,    1.1157,    1.2640,    0.7182,    0.7577},
{    0.8910,    0.5082,    0.8960,    0.3149,    0.2845,         0,    0.9214,    1.2749,    0.9845,    0.4616},
{    0.4018,    0.5320,    0.9183,    1.0188,    1.1157,    0.9214,         0,    0.3793,    0.3899,    0.9638},
{    0.6606,    1.2453,    0.5143,    0.9487,    1.2640,    1.2749,    0.3793,         0,    0.5318,    1.6567},
{    0.2764,    0.4451,    0.5175,    1.1534,    0.7182,    0.9845,    0.3899,    0.5318,         0,    0.8116},
{    0.8421,    0.1669,    1.2171,    1.0583,    0.7577,    0.4616,    0.9638,    1.6567,    0.8116,         0},
            },
            new double[,] {
{   14.7781,   14.3950,   13.7138,   13.9618,   14.0352,   13.8578,   14.3707,   14.1018,   14.4990,   13.9100},
{   14.3950,   14.7781,   13.5767,   13.7715,   14.1542,   14.2607,   14.2360,   13.4735,   14.3260,   14.6102},
{   13.7138,   13.5767,   14.7781,   13.8217,   13.9982,   13.8525,   13.8286,   14.2545,   14.2511,   13.5045},
{   13.9618,   13.7715,   13.8217,   14.7781,   14.2390,   14.4598,   13.7206,   13.7960,   13.5743,   13.6778},
{   14.0352,   14.1542,   13.9982,   14.2390,   14.7781,   14.4908,   13.6154,   13.4528,   14.0413,   13.9995},
{   13.8578,   14.2607,   13.8525,   14.4598,   14.4908,   14.7781,   13.8254,   13.4407,   13.7576,   14.3090},
{   14.3707,   14.2360,   13.8286,   13.7206,   13.6154,   13.8254,   14.7781,   14.3938,   14.3828,   13.7798},
{   14.1018,   13.4735,   14.2545,   13.7960,   13.4528,   13.4407,   14.3938,   14.7781,   14.2363,   13.0113},
{   14.4990,   14.3260,   14.2511,   13.5743,   14.0413,   13.7576,   14.3828,   14.2363,   14.7781,   13.9425},
{   13.9100,   14.6102,   13.5045,   13.6778,   13.9995,   14.3090,   13.7798,   13.0113,   13.9425,   14.7781},
            },
          }
       );
    }

    [TestMethod]
    [TestCategory("Algorithms.DataAnalysis")]
    [TestProperty("Time", "short")]
    public void CovNnTest() {
      TestCovarianceFunction(new CovarianceNeuralNetwork(), 0,
        new double[,]
          {
{    0.5930,    0.5896,    0.7951,    0.5808,    0.7787,    0.6411,    0.6672,    0.6814,    0.6297,    0.7338},
{    0.5214,    0.5987,    0.6763,    0.5053,    0.7289,    0.6077,    0.5909,    0.6230,    0.5621,    0.6472},
{    0.7299,    0.7305,    0.8081,    0.6837,    0.7039,    0.7994,    0.7756,    0.6668,    0.7145,    0.7665},
{    0.6399,    0.5347,    0.7261,    0.6044,    0.5836,    0.6549,    0.7250,    0.6815,    0.6720,    0.6819},
{    0.6627,    0.5300,    0.7045,    0.6665,    0.5340,    0.5659,    0.6509,    0.6692,    0.6600,    0.6747},
{    0.6151,    0.5719,    0.6465,    0.5881,    0.5593,    0.6189,    0.6585,    0.6397,    0.6364,    0.6382},
{    0.5978,    0.6929,    0.7292,    0.5719,    0.8209,    0.6695,    0.6469,    0.5966,    0.6160,    0.7203},
{    0.6944,    0.7128,    0.8241,    0.6566,    0.8002,    0.7548,    0.7503,    0.6494,    0.6961,    0.7875},
{    0.6443,    0.6893,    0.8074,    0.6258,    0.8018,    0.7049,    0.6885,    0.6633,    0.6530,    0.7602},
{    0.4829,    0.5970,    0.6259,    0.4461,    0.6737,    0.6484,    0.5912,    0.6067,    0.5329,    0.5928},
          },
        new double[][,]
          {
            new double[,] {
{   -0.5669,   -0.5220,   -0.3879,   -0.4304,   -0.4540,   -0.4460,   -0.4901,   -0.4465,   -0.5095,   -0.4340},
{   -0.5220,   -0.5969,   -0.3884,   -0.3843,   -0.4499,   -0.4737,   -0.4843,   -0.3961,   -0.5133,   -0.5540},
{   -0.3879,   -0.3884,   -0.5554,   -0.4160,   -0.4600,   -0.4671,   -0.4056,   -0.4603,   -0.4637,   -0.3810},
{   -0.4304,   -0.3843,   -0.4160,   -0.5895,   -0.4728,   -0.5384,   -0.3884,   -0.4288,   -0.3748,   -0.3672},
{   -0.4540,   -0.4499,   -0.4600,   -0.4728,   -0.5977,   -0.5296,   -0.3758,   -0.3954,   -0.4610,   -0.4165},
{   -0.4460,   -0.4737,   -0.4671,   -0.5384,   -0.5296,   -0.5987,   -0.4280,   -0.4285,   -0.4369,   -0.4802},
{   -0.4901,   -0.4843,   -0.4056,   -0.3884,   -0.3758,   -0.4280,   -0.5731,   -0.5003,   -0.4920,   -0.4043},
{   -0.4465,   -0.3961,   -0.4603,   -0.4288,   -0.3954,   -0.4285,   -0.5003,   -0.5362,   -0.4621,   -0.3360},
{   -0.5095,   -0.5133,   -0.4637,   -0.3748,   -0.4610,   -0.4369,   -0.4920,   -0.4621,   -0.5614,   -0.4463},
{   -0.4340,   -0.5540,   -0.3810,   -0.3672,   -0.4165,   -0.4802,   -0.4043,   -0.3360,   -0.4463,   -0.5987},
            },
            new double[,] {
{    1.6963,    1.4541,    1.3587,    1.3199,    1.3084,    1.1825,    1.5272,    1.5553,    1.6096,    1.2526},
{    1.4541,    1.4500,    1.2006,    1.0794,    1.1704,    1.1251,    1.3601,    1.2650,    1.4540,    1.3576},
{    1.3587,    1.2006,    1.7563,    1.3216,    1.3536,    1.2537,    1.3780,    1.6296,    1.5559,    1.1618},
{    1.3199,    1.0794,    1.3216,    1.5376,    1.2625,    1.2852,    1.2016,    1.4015,    1.2051,    1.0222},
{    1.3084,    1.1704,    1.3536,    1.2625,    1.4362,    1.2215,    1.1132,    1.2541,    1.3394,    1.0837},
{    1.1825,    1.1251,    1.2537,    1.2852,    1.2215,    1.2511,    1.1282,    1.2125,    1.1771,    1.1218},
{    1.5272,    1.3601,    1.3780,    1.2016,    1.1132,    1.1282,    1.6603,    1.6427,    1.5504,    1.1677},
{    1.5553,    1.2650,    1.6296,    1.4015,    1.2541,    1.2125,    1.6427,    1.8427,    1.6113,    1.0910},
{    1.6096,    1.4540,    1.5559,    1.2051,    1.3394,    1.1771,    1.5504,    1.6113,    1.7261,    1.2950},
{    1.2526,    1.3576,    1.1618,    1.0222,    1.0837,    1.1218,    1.1677,    1.0910,    1.2950,    1.4153},
          }
          }
      );
      TestCovarianceFunction(new CovarianceNeuralNetwork(), 1,
         new double[,]
           {
{    1.4436,    1.4866,    2.0692,    1.4105,    2.1077,    1.7712,    1.6764,    1.6030,    1.4898,    1.7857},
{    1.1652,    1.3662,    1.6384,    1.1271,    1.8076,    1.5312,    1.3659,    1.3446,    1.2210,    1.4545},
{    1.7710,    1.8348,    2.1497,    1.6684,    1.9875,    2.1872,    1.9499,    1.6132,    1.7025,    1.8978},
{    1.4480,    1.2766,    1.8006,    1.3710,    1.5424,    1.6920,    1.6866,    1.5035,    1.4784,    1.5742},
{    1.4350,    1.2175,    1.6874,    1.4354,    1.3683,    1.4290,    1.4793,    1.4231,    1.3994,    1.4995},
{    1.2557,    1.2181,    1.4634,    1.2013,    1.3324,    1.4450,    1.3951,    1.2781,    1.2662,    1.3344},
{    1.4328,    1.6864,    1.8991,    1.3709,    2.1658,    1.8123,    1.6081,    1.4065,    1.4398,    1.7323},
{    1.7618,    1.8647,    2.2657,    1.6713,    2.2933,    2.1661,    1.9689,    1.6354,    1.7276,    2.0126},
{    1.5724,    1.7252,    2.1209,    1.5259,    2.1852,    1.9465,    1.7436,    1.5858,    1.5568,    1.8614},
{    1.0716,    1.3447,    1.5116,    0.9906,    1.6687,    1.5994,    1.3485,    1.2963,    1.1483,    1.3287},
           },
         new double[][,]
          {
            new double[,] {
{   -3.1708,   -2.6488,   -2.6475,   -2.4774,   -2.4067,   -2.1099,   -2.8841,   -3.0223,   -3.0526,   -2.3041},
{   -2.6488,   -2.5111,   -2.2570,   -1.9637,   -2.0708,   -1.9172,   -2.4814,   -2.3998,   -2.6632,   -2.3537},
{   -2.6475,   -2.2570,   -3.3336,   -2.5066,   -2.5075,   -2.2490,   -2.6640,   -3.1778,   -2.9977,   -2.1743},
{   -2.4774,   -1.9637,   -2.5066,   -2.7415,   -2.2591,   -2.2029,   -2.2607,   -2.6778,   -2.2936,   -1.8530},
{   -2.4067,   -2.0708,   -2.5075,   -2.2591,   -2.4753,   -2.0592,   -2.0638,   -2.3743,   -2.4708,   -1.9151},
{   -2.1099,   -1.9172,   -2.2490,   -2.2029,   -2.0592,   -2.0176,   -2.0074,   -2.2134,   -2.1126,   -1.8976},
{   -2.8841,   -2.4814,   -2.6640,   -2.2607,   -2.0638,   -2.0074,   -3.0726,   -3.1450,   -2.9374,   -2.1472},
{   -3.0223,   -2.3998,   -3.1778,   -2.6778,   -2.3743,   -2.2134,   -3.1450,   -3.5652,   -3.1314,   -2.0795},
{   -3.0526,   -2.6632,   -2.9977,   -2.2936,   -2.4708,   -2.1126,   -2.9374,   -3.1314,   -3.2519,   -2.3870},
{   -2.3041,   -2.3537,   -2.1743,   -1.8530,   -1.9151,   -1.8976,   -2.1472,   -2.0795,   -2.3870,   -2.4217},
            },
            new double[,] {
{    4.3303,    3.4649,    3.7030,    3.3026,    3.1505,    2.6912,    3.9244,    4.3025,    4.2082,    3.0090},
{    3.4649,    3.1323,    3.0110,    2.5036,    2.5893,    2.3340,    3.2266,    3.2706,    3.5078,    2.9242},
{    3.7030,    3.0110,    4.6774,    3.3899,    3.3261,    2.9053,    3.6926,    4.5813,    4.1997,    2.8855},
{    3.3026,    2.5036,    3.3899,    3.5200,    2.8645,    2.7165,    2.9968,    3.6979,    3.0870,    2.3508},
{    3.1505,    2.5893,    3.3261,    2.8645,    3.0745,    2.4980,    2.6901,    3.2286,    3.2548,    2.3841},
{    2.6912,    2.3340,    2.9053,    2.7165,    2.4980,    2.3825,    2.5425,    2.9255,    2.7134,    2.2974},
{    3.9244,    3.2266,    3.6926,    2.9968,    2.6901,    2.5425,    4.1329,    4.4278,    4.0227,    2.7860},
{    4.3025,    3.2706,    4.5813,    3.6979,    3.2286,    2.9255,    4.4278,    5.2237,    4.4826,    2.8275},
{    4.2082,    3.5078,    4.1997,    3.0870,    3.2548,    2.7134,    4.0227,    4.4826,    4.4998,    3.1361},
{    3.0090,    2.9242,    2.8855,    2.3508,    2.3841,    2.2974,    2.7860,    2.8275,    3.1361,    2.9891},
            },
          }
       );
    }


    [TestMethod]
    [TestCategory("Algorithms.DataAnalysis")]
    [TestProperty("Time", "short")]
    public void CovRQIsoTest() {
      TestCovarianceFunction(new CovarianceRationalQuadraticIso(), 0,
        new double[,]
          {
{    0.6452,    0.6190,    0.8662,    0.6338,    0.7802,    0.5893,    0.7102,    0.7753,    0.7037,    0.8331},
{    0.6771,    0.7392,    0.7442,    0.6630,    0.7603,    0.6144,    0.7145,    0.8346,    0.7492,    0.8200},
{    0.7963,    0.7777,    0.8574,    0.7266,    0.6362,    0.8060,    0.8519,    0.7084,    0.7810,    0.8459},
{    0.7988,    0.6268,    0.8004,    0.7500,    0.5583,    0.6524,    0.8968,    0.8864,    0.8739,    0.8382},
{    0.8902,    0.6571,    0.7919,    0.9030,    0.5304,    0.5727,    0.8079,    0.9232,    0.9117,    0.8733},
{    0.8819,    0.7639,    0.7387,    0.8449,    0.5785,    0.6563,    0.8783,    0.9519,    0.9535,    0.8742},
{    0.6716,    0.7814,    0.7590,    0.6437,    0.8797,    0.6366,    0.7012,    0.6810,    0.7090,    0.8339},
{    0.6702,    0.6823,    0.8268,    0.6250,    0.7456,    0.6782,    0.7331,    0.6205,    0.6786,    0.8033},
{    0.6910,    0.7332,    0.8750,    0.6697,    0.8119,    0.6608,    0.7235,    0.7261,    0.7142,    0.8595},
{    0.6467,    0.7493,    0.6821,    0.6133,    0.6857,    0.6692,    0.7265,    0.8252,    0.7259,    0.7506},
          },
        new double[][,]
          {
            new double[,] {
{         0,    0.2722,    0.4584,    0.4165,    0.3996,    0.4367,    0.2838,    0.3820,    0.2165,    0.4271},
{    0.2722,         0,    0.4736,    0.4505,    0.3666,    0.3300,    0.3391,    0.4823,    0.3037,    0.1436},
{    0.4584,    0.4736,         0,    0.4428,    0.4084,    0.4376,    0.4416,    0.3323,    0.3336,    0.4799},
{    0.4165,    0.4505,    0.4428,         0,    0.3381,    0.2388,    0.4575,    0.4468,    0.4739,    0.4629},
{    0.3996,    0.3666,    0.4084,    0.3381,         0,    0.2213,    0.4698,    0.4837,    0.3981,    0.4081},
{    0.4367,    0.3300,    0.4376,    0.2388,    0.2213,         0,    0.4422,    0.4845,    0.4525,    0.3109},
{    0.2838,    0.3391,    0.4416,    0.4575,    0.4698,    0.4422,         0,    0.2728,    0.2781,    0.4493},
{    0.3820,    0.4823,    0.3323,    0.4468,    0.4837,    0.4845,    0.2728,         0,    0.3390,    0.4995},
{    0.2165,    0.3037,    0.3336,    0.4739,    0.3981,    0.4525,    0.2781,    0.3390,         0,    0.4206},
{    0.4271,    0.1436,    0.4799,    0.4629,    0.4081,    0.3109,    0.4493,    0.4995,    0.4206,         0},
            },
            new double[,] {
{    2.0000,    1.6749,    1.2884,    1.4086,    1.4481,    1.3558,    1.6576,    1.4857,    1.7530,    1.3818},
{    1.6749,    2.0000,    1.2296,    1.3147,    1.5166,    1.5831,    1.5672,    1.1884,    1.6266,    1.8443},
{    1.2884,    1.2296,    2.0000,    1.3383,    1.4280,    1.3533,    1.3417,    1.5791,    1.5769,    1.2005},
{    1.4086,    1.3147,    1.3383,    2.0000,    1.5691,    1.7228,    1.2914,    1.3262,    1.2286,    1.2725},
{    1.4481,    1.5166,    1.4280,    1.5691,    2.0000,    1.7466,    1.2457,    1.1805,    1.4515,    1.4286},
{    1.3558,    1.5831,    1.3533,    1.7228,    1.7466,    2.0000,    1.3401,    1.1758,    1.3083,    1.6150},
{    1.6576,    1.5672,    1.3417,    1.2914,    1.2457,    1.3401,    2.0000,    1.6740,    1.6662,    1.3186},
{    1.4857,    1.1884,    1.5791,    1.3262,    1.1805,    1.1758,    1.6740,    2.0000,    1.5674,    1.0305},
{    1.7530,    1.6266,    1.5769,    1.2286,    1.4515,    1.3083,    1.6662,    1.5674,    2.0000,    1.3985},
{    1.3818,    1.8443,    1.2005,    1.2725,    1.4286,    1.6150,    1.3186,    1.0305,    1.3985,    2.0000},
          },
                      new double[,] {
{         0,   -0.0124,   -0.0541,   -0.0386,   -0.0340,   -0.0452,   -0.0137,   -0.0298,   -0.0073,   -0.0419},
{   -0.0124,         0,   -0.0623,   -0.0505,   -0.0265,   -0.0200,   -0.0215,   -0.0682,   -0.0162,   -0.0029},
{   -0.0541,   -0.0623,         0,   -0.0474,   -0.0363,   -0.0455,   -0.0470,   -0.0204,   -0.0206,   -0.0664},
{   -0.0386,   -0.0505,   -0.0474,         0,   -0.0213,   -0.0091,   -0.0537,   -0.0490,   -0.0624,   -0.0563},
{   -0.0340,   -0.0265,   -0.0363,   -0.0213,         0,   -0.0077,   -0.0600,   -0.0693,   -0.0336,   -0.0362},
{   -0.0452,   -0.0200,   -0.0455,   -0.0091,   -0.0077,         0,   -0.0472,   -0.0700,   -0.0514,   -0.0172},
{   -0.0137,   -0.0215,   -0.0470,   -0.0537,   -0.0600,   -0.0472,         0,   -0.0125,   -0.0131,   -0.0500},
{   -0.0298,   -0.0682,   -0.0204,   -0.0490,   -0.0693,   -0.0700,   -0.0125,         0,   -0.0215,   -0.0919},
{   -0.0073,   -0.0162,   -0.0206,   -0.0624,   -0.0336,   -0.0514,   -0.0131,   -0.0215,         0,   -0.0399},
{   -0.0419,   -0.0029,   -0.0664,   -0.0563,   -0.0362,   -0.0172,   -0.0500,   -0.0919,   -0.0399,         0},
          }
          }
      );
      TestCovarianceFunction(new CovarianceRationalQuadraticIso(), 1,
         new double[,]
           {
{    6.8660,    6.8070,    7.2367,    6.8409,    7.1145,    6.7347,    6.9959,    7.1068,    6.9839,    7.1923},
{    6.9324,    7.0474,    7.0559,    6.9038,    7.0827,    6.7961,    7.0038,    7.1944,    7.0644,    7.1739},
{    7.1392,    7.1106,    7.2253,    7.0255,    6.8461,    7.1536,    7.2179,    6.9926,    7.1158,    7.2099},
{    7.1429,    6.8249,    7.1453,    7.0658,    6.6525,    6.8816,    7.2752,    7.2623,    7.2467,    7.1995},
{    7.2671,    6.8913,    7.1326,    7.2827,    6.5716,    6.6915,    7.1564,    7.3065,    7.2931,    7.2459},
{    7.2567,    7.0886,    7.0466,    7.2086,    6.7069,    6.8897,    7.2522,    7.3388,    7.3405,    7.2471},
{    6.9215,    7.1164,    7.0807,    6.8626,    7.2540,    6.8471,    6.9792,    6.9401,    6.9937,    7.1935},
{    6.9185,    6.9428,    7.1836,    6.8210,    7.0584,    6.9346,    7.0369,    6.8105,    6.9354,    7.1496},
{    6.9598,    7.0372,    7.2481,    6.9176,    7.1623,    6.8992,    7.0200,    7.0247,    7.0033,    7.2280},
{    6.8692,    7.0646,    6.9424,    6.7937,    6.9495,    6.9165,    7.0254,    7.1813,    7.0242,    7.0668},
           },
         new double[][,]
          {
            new double[,] {
{         0,    0.3746,    0.9986,    0.7776,    0.7108,    0.8711,    0.3978,    0.6497,    0.2745,    0.8243},
{    0.3746,         0,    1.1178,    0.9478,    0.6013,    0.5017,    0.5249,    1.2062,    0.4401,    0.1662},
{    0.9986,    1.1178,         0,    0.9033,    0.7445,    0.8758,    0.8972,    0.5076,    0.5108,    1.1798},
{    0.7776,    0.9478,    0.9033,         0,    0.5222,    0.3124,    0.9927,    0.9261,    1.1199,    1.0301},
{    0.7108,    0.6013,    0.7445,    0.5222,         0,    0.2825,    1.0844,    1.2237,    0.7052,    0.7433},
{    0.8711,    0.5017,    0.8758,    0.3124,    0.2825,         0,    0.9000,    1.2339,    0.9601,    0.4563},
{    0.3978,    0.5249,    0.8972,    0.9927,    1.0844,    0.9000,         0,    0.3757,    0.3861,    0.9404},
{    0.6497,    1.2062,    0.5076,    0.9261,    1.2237,    1.2339,    0.3757,         0,    0.5247,    1.5872},
{    0.2745,    0.4401,    0.5108,    1.1199,    0.7052,    0.9601,    0.3861,    0.5247,         0,    0.7950},
{    0.8243,    0.1662,    1.1798,    1.0301,    0.7433,    0.4563,    0.9404,    1.5872,    0.7950,         0},
            },
            new double[,] {
{   14.7781,   14.3968,   13.7277,   13.9699,   14.0420,   13.8682,   14.3727,   14.1074,   14.5000,   13.9192},
{   14.3968,   14.7781,   13.5943,   13.7839,   14.1589,   14.2640,   14.2397,   13.4942,   14.3286,   14.6106},
{   13.7277,   13.5943,   14.7781,   13.8329,   14.0057,   13.8630,   13.8396,   14.2579,   14.2545,   13.5242},
{   13.9699,   13.7839,   13.8329,   14.7781,   14.2426,   14.4610,   13.7342,   13.8078,   13.5920,   13.6926},
{   14.0420,   14.1589,   14.0057,   14.2426,   14.7781,   14.4918,   13.6319,   13.4742,   14.0479,   14.0069},
{   13.8682,   14.2640,   13.8630,   14.4610,   14.4918,   14.7781,   13.8365,   13.4625,   13.7703,   14.3117},
{   14.3727,   14.2397,   13.8396,   13.7342,   13.6319,   13.8365,   14.7781,   14.3956,   14.3848,   13.7920},
{   14.1074,   13.4942,   14.2579,   13.8078,   13.4742,   13.4625,   14.3956,   14.7781,   14.2399,   13.0490},
{   14.5000,   14.3286,   14.2545,   13.5920,   14.0479,   13.7703,   14.3848,   14.2399,   14.7781,   13.9510},
{   13.9192,   14.6106,   13.5242,   13.6926,   14.0069,   14.3117,   13.7920,   13.0490,   13.9510,   14.7781},
            },
            new double[,] {
{         0,   -0.0009,   -0.0068,   -0.0040,   -0.0034,   -0.0051,   -0.0010,   -0.0028,   -0.0005,   -0.0046},
{   -0.0009,         0,   -0.0086,   -0.0061,   -0.0024,   -0.0016,   -0.0018,   -0.0101,   -0.0013,   -0.0002},
{   -0.0068,   -0.0086,         0,   -0.0055,   -0.0037,   -0.0052,   -0.0054,   -0.0017,   -0.0017,   -0.0097},
{   -0.0040,   -0.0061,   -0.0055,         0,   -0.0018,   -0.0006,   -0.0067,   -0.0058,   -0.0087,   -0.0073},
{   -0.0034,   -0.0024,   -0.0037,   -0.0018,         0,   -0.0005,   -0.0081,   -0.0105,   -0.0033,   -0.0037},
{   -0.0051,   -0.0016,   -0.0052,   -0.0006,   -0.0005,         0,   -0.0055,   -0.0106,   -0.0063,   -0.0013},
{   -0.0010,   -0.0018,   -0.0054,   -0.0067,   -0.0081,   -0.0055,         0,   -0.0009,   -0.0010,   -0.0060},
{   -0.0028,   -0.0101,   -0.0017,   -0.0058,   -0.0105,   -0.0106,   -0.0009,         0,   -0.0018,   -0.0183},
{   -0.0005,   -0.0013,   -0.0017,   -0.0087,   -0.0033,   -0.0063,   -0.0010,   -0.0018,         0,   -0.0042},
{   -0.0046,   -0.0002,   -0.0097,   -0.0073,   -0.0037,   -0.0013,   -0.0060,   -0.0183,   -0.0042,         0},
                           }
          }
       );
    }


    [TestMethod]
    [TestCategory("Algorithms.DataAnalysis")]
    [TestProperty("Time", "short")]
    public void CovRQArdTest() {
      TestCovarianceFunction(new CovarianceRationalQuadraticArd(), 0,
        new double[,]
          {
{    0.6452,    0.6190,    0.8662,    0.6338,    0.7802,    0.5893,    0.7102,    0.7753,    0.7037,    0.8331},
{    0.6771,    0.7392,    0.7442,    0.6630,    0.7603,    0.6144,    0.7145,    0.8346,    0.7492,    0.8200},
{    0.7963,    0.7777,    0.8574,    0.7266,    0.6362,    0.8060,    0.8519,    0.7084,    0.7810,    0.8459},
{    0.7988,    0.6268,    0.8004,    0.7500,    0.5583,    0.6524,    0.8968,    0.8864,    0.8739,    0.8382},
{    0.8902,    0.6571,    0.7919,    0.9030,    0.5304,    0.5727,    0.8079,    0.9232,    0.9117,    0.8733},
{    0.8819,    0.7639,    0.7387,    0.8449,    0.5785,    0.6563,    0.8783,    0.9519,    0.9535,    0.8742},
{    0.6716,    0.7814,    0.7590,    0.6437,    0.8797,    0.6366,    0.7012,    0.6810,    0.7090,    0.8339},
{    0.6702,    0.6823,    0.8268,    0.6250,    0.7456,    0.6782,    0.7331,    0.6205,    0.6786,    0.8033},
{    0.6910,    0.7332,    0.8750,    0.6697,    0.8119,    0.6608,    0.7235,    0.7261,    0.7142,    0.8595},
{    0.6467,    0.7493,    0.6821,    0.6133,    0.6857,    0.6692,    0.7265,    0.8252,    0.7259,    0.7506},
          },
        new double[][,]
          {            
        new double[,]
          {
{         0,    0.0948,    0.0978,    0.1380,    0.0028,    0.0024,    0.0044,    0.1286,    0.0018,    0.0447},
{    0.0948,         0,    0.2750,    0.3462,    0.1119,    0.1211,    0.0509,    0.2553,    0.0675,    0.0032},
{    0.0978,    0.2750,         0,    0.0008,    0.0864,    0.0782,    0.1437,    0.0000,    0.1769,    0.2257},
{    0.1380,    0.3462,    0.0008,         0,    0.1268,    0.1539,    0.1537,    0.0009,    0.1250,    0.2813},
{    0.0028,    0.1119,    0.0864,    0.1268,         0,    0.0000,    0.0091,    0.0583,    0.0078,    0.0736},
{    0.0024,    0.1211,    0.0782,    0.1539,    0.0000,         0,    0.0103,    0.0583,    0.0062,    0.0932},
{    0.0044,    0.0509,    0.1437,    0.1537,    0.0091,    0.0103,         0,    0.2216,    0.0007,    0.0223},
{    0.1286,    0.2553,    0.0000,    0.0009,    0.0583,    0.0583,    0.2216,         0,    0.1731,    0.1652},
{    0.0018,    0.0675,    0.1769,    0.1250,    0.0078,    0.0062,    0.0007,    0.1731,         0,    0.0325},
{    0.0447,    0.0032,    0.2257,    0.2813,    0.0736,    0.0932,    0.0223,    0.1652,    0.0325,         0},
          },
        new double[,]
          {
{         0,    0.1070,    0.1204,    0.0703,    0.2451,    0.1932,    0.0180,    0.0171,    0.0323,    0.2478},
{    0.1070,         0,    0.0083,    0.0001,    0.0494,    0.0416,    0.1874,    0.1133,    0.0228,    0.0925},
{    0.1204,    0.0083,         0,    0.0118,    0.0107,    0.0055,    0.2208,    0.3181,    0.0691,    0.0119},
{    0.0703,    0.0001,    0.0118,         0,    0.0582,    0.0549,    0.1208,    0.1341,    0.0111,    0.0479},
{    0.2451,    0.0494,    0.0107,    0.0582,         0,    0.0010,    0.2774,    0.2574,    0.1207,    0.0007},
{    0.1932,    0.0416,    0.0055,    0.0549,    0.0010,         0,    0.2946,    0.2347,    0.0840,    0.0034},
{    0.0180,    0.1874,    0.2208,    0.1208,    0.2774,    0.2946,         0,    0.0001,    0.0934,    0.3384},
{    0.0171,    0.1133,    0.3181,    0.1341,    0.2574,    0.2347,    0.0001,         0,    0.0891,    0.2133},
{    0.0323,    0.0228,    0.0691,    0.0111,    0.1207,    0.0840,    0.0934,    0.0891,         0,    0.1299},
{    0.2478,    0.0925,    0.0119,    0.0479,    0.0007,    0.0034,    0.3384,    0.2133,    0.1299,         0},
          },
        new double[,]
          {
{         0,    0.0098,    0.1427,    0.0239,    0.0193,    0.0020,    0.1179,    0.1363,    0.1310,    0.0223},
{    0.0098,         0,    0.0828,    0.0493,    0.0553,    0.0213,    0.0538,    0.0506,    0.0574,    0.0081},
{    0.1427,    0.0828,         0,    0.2908,    0.3087,    0.1947,    0.0133,    0.0050,    0.0187,    0.0494},
{    0.0239,    0.0493,    0.2908,         0,    0.0005,    0.0175,    0.1674,    0.2256,    0.1509,    0.0768},
{    0.0193,    0.0553,    0.3087,    0.0005,         0,    0.0121,    0.1425,    0.1652,    0.1926,    0.0849},
{    0.0020,    0.0213,    0.1947,    0.0175,    0.0121,         0,    0.1035,    0.1094,    0.0981,    0.0518},
{    0.1179,    0.0538,    0.0133,    0.1674,    0.1425,    0.1035,         0,    0.0048,    0.0000,    0.0171},
{    0.1363,    0.0506,    0.0050,    0.2256,    0.1652,    0.1094,    0.0048,         0,    0.0043,    0.0209},
{    0.1310,    0.0574,    0.0187,    0.1509,    0.1926,    0.0981,    0.0000,    0.0043,         0,    0.0189},
{    0.0223,    0.0081,    0.0494,    0.0768,    0.0849,    0.0518,    0.0171,    0.0209,    0.0189,         0},
          },
        new double[,]
          {
{         0,    0.0441,    0.0162,    0.0636,    0.0102,    0.0607,    0.0219,    0.0034,    0.0418,    0.1036},
{    0.0441,         0,    0.0760,    0.0050,    0.0877,    0.0080,    0.0032,    0.0383,    0.1549,    0.0394},
{    0.0162,    0.0760,         0,    0.1383,    0.0017,    0.1442,    0.0637,    0.0088,    0.0008,    0.1587},
{    0.0636,    0.0050,    0.1383,         0,    0.1525,    0.0000,    0.0134,    0.0838,    0.1319,    0.0047},
{    0.0102,    0.0877,    0.0017,    0.1525,         0,    0.1932,    0.0393,    0.0013,    0.0046,    0.1872},
{    0.0607,    0.0080,    0.1442,    0.0000,    0.1932,         0,    0.0154,    0.0676,    0.1524,    0.0068},
{    0.0219,    0.0032,    0.0637,    0.0134,    0.0393,    0.0154,         0,    0.0463,    0.1176,    0.0359},
{    0.0034,    0.0383,    0.0088,    0.0838,    0.0013,    0.0676,    0.0463,         0,    0.0147,    0.0787},
{    0.0418,    0.1549,    0.0008,    0.1319,    0.0046,    0.1524,    0.1176,    0.0147,         0,    0.2390},
{    0.1036,    0.0394,    0.1587,    0.0047,    0.1872,    0.0068,    0.0359,    0.0787,    0.2390,         0},
          },
        new double[,]
          {
{         0,    0.0166,    0.0813,    0.1208,    0.1221,    0.1784,    0.1217,    0.0967,    0.0096,    0.0086},
{    0.0166,         0,    0.0315,    0.0499,    0.0622,    0.1381,    0.0438,    0.0248,    0.0012,    0.0003},
{    0.0813,    0.0315,         0,    0.0012,    0.0008,    0.0149,    0.0002,    0.0004,    0.0680,    0.0342},
{    0.1208,    0.0499,    0.0012,         0,    0.0001,    0.0125,    0.0022,    0.0025,    0.0550,    0.0521},
{    0.1221,    0.0622,    0.0008,    0.0001,         0,    0.0151,    0.0015,    0.0014,    0.0724,    0.0618},
{    0.1784,    0.1381,    0.0149,    0.0125,    0.0151,         0,    0.0184,    0.0145,    0.1119,    0.1556},
